Trace: trace_580
TaskID Requests     Hits   Misses   Hit Rate
     0       23       20        3     0.8696
     1       15       13        2     0.8667
     2       45       38        7     0.8444
     3       80       68       12     0.8500
     4       86       72       14     0.8372
     5       37       32        5     0.8649
     6       23       19        4     0.8261
     7       41       34        7     0.8293
     9       70       58       12     0.8286
    10       53       44        9     0.8302
    11       39       34        5     0.8718
    12       51       43        8     0.8431
    13       79       65       14     0.8228
    14       69       58       11     0.8406
    15       36       30        6     0.8333
    16       13       10        3     0.7692
    17       56       48        8     0.8571
    18       73       63       10     0.8630
    19       34       29        5     0.8529
    20       27       22        5     0.8148
    21       93       80       13     0.8602
    22        4        3        1     0.7500
    23       39       33        6     0.8462
    24       56       47        9     0.8393
    25       38       32        6     0.8421
    26       37       31        6     0.8378
    27       25       20        5     0.8000
    28       58       49        9     0.8448
    29       60       51        9     0.8500
    31       85       73       12     0.8588
    32        7        6        1     0.8571
    33       44       38        6     0.8636
