Trace: trace_5376
TaskID Requests     Hits   Misses   Hit Rate
     0       11        9        2     0.8182
     1       20       16        4     0.8000
     2      111       94       17     0.8468
     3       76       64       12     0.8421
     4       50       43        7     0.8600
     5       65       54       11     0.8308
     7       28       24        4     0.8571
     8       51       42        9     0.8235
     9       47       39        8     0.8298
    10       54       46        8     0.8519
    11       44       38        6     0.8636
    12       57       49        8     0.8596
    13       71       58       13     0.8169
    14       14       10        4     0.7143
    15       60       51        9     0.8500
    16       27       22        5     0.8148
    17       24       20        4     0.8333
    18       71       60       11     0.8451
    19       30       25        5     0.8333
    20       59       50        9     0.8475
    21       27       23        4     0.8519
    22       92       78       14     0.8478
    23        9        7        2     0.7778
    24       43       36        7     0.8372
    25      110       93       17     0.8455
    26       30       26        4     0.8667
    27       79       68       11     0.8608
    28       61       52        9     0.8525
    29       53       45        8     0.8491
    30       10        8        2     0.8000
    31        4        3        1     0.7500
    32       31       27        4     0.8710
    33       43       36        7     0.8372
